
Record#  KGT KPRB NAPRB           KGROUP
      1  05  01   бой исполнителя 01    
     16  05  05   скол            09    
     17  05  07   скрытая трещина 01    
      2  06  01   бой исполнителя 01    
      5  06  02   треснула в печи 05    
      6  06  08   повыш.дефект    02    
     31  06  13   царапины>нормы  02    
     32  06  14   деформация      02    
    111  06  20   пошла на контрь 02    
     33  06  21   неравн.окисел   02    
     34  06  22   Rs>нормы        02    
     35  06  23   Rs<нормы        02    
     36  06  24   D окисела<нормы 02    
    136  06  30   нулевые пласт.  04    
     42  06  36   Xбазы>нормы     02    
    133  06  45   Бой химии       01    
    132  06  51   Брак химии      02    
    128  06  67   Rs>N микросхемы 02    
    129  06  71   Rs<N микросхемы 02    
    143  06  80   Брак завода №2  07    
    127  08  01   бой исполнителя 01    
     10  08  05   скол            09    
      7  08  25   Uпроб.изол.<N   03    
    100  08  28   неконт.p-обл    03    
    101  08  29   неконт.n-обл    03    
    110  08  50   Прослойка       03    
      8  08  52   К/з изоляции    03    
      9  08  56   Недоразделение  02    
     11  08  63   Uкбо<N          03    
     45  08  72   Утечка Uкб      03    
     12  08  73   Uкео<N          03    
     13  08  74   H21е npn<нормы  03    
     14  08  75   H21е npn>нормы  03    
     15  08  76   H21е p-rop<N    03    
     37  08  77   Утечка pnp-rop. 03    
    126  08  78   H21е pnp верт<N 03    
     38  08  79   Uпор.пар.as.<N  03    
    144  08  80   Брак завода №2  07    
     39  08  81   Rp->N           03    
     41  08  82   Rp-<N           03    
     92  08  85   Rn+>N           03    
     93  08  86   Rn+<N           03    
     94  08  88   нестанд.вых.хар 03    
     95  08  89   Uвх-зем.<N      03    
     96  08  90   Uо>N            03    
     97  08  91   Uо<N            03    
     98  08  92   Uэб>N           03    
     99  08  93   Uэб<N           03    
    102  08  94   Uстаб>N         03    
    103  08  95   Uстаб<N         03    
    131  08  96   неконт.AI1-AI2  03    
    104  08  97   Ipб<N           03    
    105  08  98   Ipб>N           03    
     57  15  01   бой исполнителя 01    
     60  15  05   скол            09    
     58  15  08   повыш.дефект    02    
     63  15  13   царапины>нормы  02    
     65  15  21   неравн.окисел   02    
     67  15  24   D окисела<нормы 02    
      3  16  01   бой исполнителя 01    
     61  16  05   скол            09    
     62  16  07   скрытая трещина 01    
     59  16  08   повыш.дефект    02    
     64  16  13   царапины>нормы  02    
     66  16  21   неравн.окисел   02    
     68  16  24   D окисела<нормы 02    
      4  21  01   бой исполнителя 01    
    124  41  01   бой исполнителя 01    
     22  41  05   скол            09    
     21  41  10   бой оборудованя 05    
     23  41  13   царапины>нормы  02    
     24  41  16   доза > нормы    02    
     25  41  17   бой исполнителя 02    
    138  46  01   бой исполнителя 01    
    139  46  10   бой оборудованя 03    
    125  46  13   царапины>нормы  02    
    140  46  99   Матов.Аl-2      02    
     18  47  01   бой исполнителя 01    
    146  47  80   Брак завода №2  03    
     19  48  01   бой исполнителя 01    
     20  49  01   бой исполнителя 01    
    134  50  01   бой исполнителя 01    
     43  66  01   бой исполнителя 01    
     44  66  13   царапины>нормы  02    
     70  66  14   деформация      02    
     50  66  26   Uкэо<нормы      03    
    137  66  30   нулевые пласт.  04    
     48  66  31   Iобр>нормы      03    
     46  66  32   Uпроб<нормы     03    
     47  66  33   Uпроб>нормы     03    
     51  66  38   Iкбо>нормы      03    
     52  66  39   IЭбо>нормы      03    
     53  66  40   H21Э<нормы      03    
     54  66  41   Uкэн>нормы      03    
     55  66  42   Uбэн>нормы      03    
     56  66  43   Разброс Н21э>N  03    
     69  66  46   Uвх>N           03    
     71  66  48   брак по в/в     02    
     49  66  50   Прослойка       03    
     72  66  54   брак кол.ст.    02    
    145  66  80   Брак завода №2  07    
     73  67  01   бой исполнителя 01    
     74  67  47   dпл.< N         02    
     75  67  53   dпл.> N         02    
     79  68  01   бой исполнителя 01    
     80  68  49   брак по э/п     03    
     76  74  01   бой исполнителя 01    
     77  74  48   брак по в/в     02    
     78  74  54   брак кол.ст.    02    
     29  76  01   бой исполнителя 01    
     81  77  01   бой исполнителя 01    
     82  79  01   бой исполнителя 01    
     85  80  01   бой исполнителя 01    
     83  81  01   бой исполнителя 01    
    106  83  01   бой исполнителя 01    
     84  84  01   бой исполнителя 01    
    109  85  01   бой исполнителя 01    
     26  85  06   растрав         02    
     27  86  06   растрав         02    
     28  87  06   растрав         02    
    107  88  01   бой исполнителя 01    
     30  90  01   бой исполнителя 01    
    130  90  26   Uкэо<нормы      03    
    142  90  80   Брак завода №2  07    
     86  91  01   бой исполнителя 01    
     87  91  02   треснула в печи 05    
     91  91  04   рассовмещение   02    
     88  91  06   растрав         02    
    141  91  34   бой проявления  02    
     89  91  57   Несоот.ф/ш      02    
     90  91  59   Uкео<N          02    
    112  91  60   неравномер.края 02    
    113  91  61   грязь.включения 02    
    114  91  62   недотрав        02    
    115  91  63   Uкбо<N          03    
    116  91  64   прокол ф/р      02    
    117  91  65   остатки окисла  02    
    118  91  66   бой нанесения   01    
    119  91  67   Rs>N микросхемы 02    
    120  91  68   бой совмещения  01    
    121  91  69   бой травления   01    
    122  91  70   бой снятия      01    
    123  91  71   Rs<N микросхемы 02    
    135  91  72   Утечка Uкб      03    
    108  92  01   бой исполнителя 01    
     40  99  01   бой исполнителя 05    
